2043570
992212
2316109
1406341
686949
857306
192848
373193
11588
450149
416730
694007
694008
694006
470423
445790
393560
380985
425562
393562
425563
425570
425566
1289472
425551
425580
440266
11577
474341
1891747
11597
452475
499556
198110
518998
1554483
39054
434309
631345
164416
651733
655603
38837
64296
689403
10367
33743
868565
2555554
1318464
1003835
1216928
1263720
652106
128947
388812
1980456
79692
117130
57119
11567
356420
356419
356418
11044
64141
388825
33708
302272
103926
85708
53182
126794
130763
388814
388826
651354
652938
122962
11622
388824
360393
374989
79899
388818
650132
489457
103908
356390
11247
271108
356421
356422
356425
356424
39720
489490
269447
420174
10760
10703
10665
10254
10677
1891767
1891762
10636
10632
157703
333760
337052
648235
490133
10419
489468
480116
482134
489543
10406
10363
10313
10377
10515
28285
28282
12081
12082
12088
12131
12104
73482
12112
12113
12114
12115
12117
12120
103903
11090
11033
11034
11023
11888
11970
928306
11809
11791
11764
11926
11909
11678
11686
11685
11636
11907
11856
11758
11742
11672
11796
11774
11142
11259
381518
211044
392809
384505
387139
387161
392810
384509
518987
385630
381517
11587
11285
37137
2169993
223341
12243
12252
12302
928299
196398
329852
39803
1217068
2847073
10756
10710
332091
10580
11942
11151
10299
11679
35304
10933
12227
11720
11706
11701
11708
11689
11684
11697
11682
11707
11208
11198
11196
12327
11284
12130
11602
11037
301478
380342
11484
11003
11696
11702
11692
11687
11705
11681
11719
11735
11733
11731
12087
12084
2695836
10306
12099
12097
11784
333761
10360
103919
380960
11194
11082
650130
11627
11064
11045
11855
11087
100673
103902
103906
10304
11769
11792
10997
36439
11032
12125
12127
11043
376264
12098
11021
11734
10338
10730
12043
11038
487099
11081
12228
408871
11624
63746
388815
388823
327105
388816
388907
388906
11927
402046
383583
489542
10413
82834
389167
693999
389230
442736
10412
10415
489472
482133
10409
489503
10430
341946
10431
10432
10433
31762
349344
233262
233264
11132
11133
11137
443239
443240
443241
277944
31631
694009
76344
11144
11122
160235
11127
229032
11156
11049
363745
928296
561443
561444
561445
12230
410078
385599
11073
11075
11074
11903
371094
12336
29342
10255
2697049
1980460
1980494
11768
10759
12154
382781
384525
12478
10884
10886
10879
387208
10962
11670
11178
11261
103929
11787
103916
11736
11759
12107
11560
11718
444185
11683
11693
11694
11737
11698
10754
11235
11066
12287
10637
12065
2777147
11273
10383
928300
10679
12212
11281
11251
28300
11028
11031
11039
12126
12077
12100
11928
11078
11088
413041
11065
11963
11076
12102
10631
10747
12121
11935
11293
10998
11716
50292
11674
11300
11283
11583
12076
11601
11664
10410
10439
10440
402771
11621
10790
10329
46015
12046
12105
12106
11713
11059
12197
12213
12214
11610
11717
11714
928313
12219
128952
12241
11068
117128
11695
11675
11629
11738
11690
11691
11704
417296
402464
11100
11097
299386
12155
12204
11688
11721
11699
11260
10249
12223
1337063
11589
12068
11840
384498
11799
11922
11779
11098
10829
12070
11248
11086
11001
11294
11732
12760
11004
10384
12267
12134
31715
12085
338478
11743
11744
10783
11715
11233
10638
11703
1891754
11129
11130
11131
11134
10996
11000
387163
2169991
11113
11115
11116
11105
11104
11798
11797
123735
10999
31699
11022
39002
1980485
10711
10658
11644
11979
11980
11981
314536
11977
10655
11727
11525
408685
11057
11058
11067
408870
10498
11107
11109
11110
11117
11111
11112
11114
11730
10315
31751
31617
31620
31518
12281
31736
693989
31641
31687
31767
31560
31705
31638
31645
31634
31635
31636
31510
33727
11145
11746
31716
31683
31707
11766
31689
36375
31676
31614
31615
31616
489467
31678
489449
117132
31681
31915
31675
33774
12557
11661
33741
31658
33728
12262
381516
36374
362651
36406
36404
36413
36402
36382
36385
36383
36384
11590
39000
39001
73481
2681617
39068
11901
10724
82658
10308
10995
385624
380984
380983
1977402
69932
11020
128951
129000
652105
652961
138663
138661
117131
489544
103900
31642
766180
31729
70733
31644
31643
31656
31737
31738
31731
31514
33735
36396
31684
31739
103907
33730
421877
31768
39008
37129
31728
31769
344021
33762
45410
470424
2886926
300015
11195
407141
478555
406769
385620
383543
1005059
402036
686944
388912
388911
82830
378809
407139
407140
55096
331642
385645
55097
356664
356663
383578
383581
383579
383580
652954
408688
408689
374596
374597
383596
64315
44024
59563
64304
64320
12353
387159
557605
383586
35300
385640
341980
374598
489459
489458
35741
296738
408686
329389
356391
290008
408693
408687
212035
64286
371096
371095
59300
470591
41952
651356
500578
31722
117138
69159
103904
644639
766194
103913
69153
103922
103909
103914
103911
128949
386032
128999
128948
103915
291604
292349
488241
380341
385606
382842
383533
291175
12456
470422
31512
489489
489463
356413
38143
356423
356417
512346
42789
82659
2847087
489495
284208
284215
407134
650137
11620
11553
11628
407136
512345
516993
475779
295027
240555
482820
694067
475780
376263
376262
234601
221016
387147
383550
114921
408691
408692
11005
401671
73484
388821
388796
388822
649895
928302
383588
10323
380949
506350
11864
12542
386033
133704
436506
1980467
489498
489496
1239574
10385
489470
356415
357355
356416
356410
652674
44130
31708
644440
36370
300016
337081
524364
44755
42764
103927
12215
36394
314535
314538
103905
44158
298339
314537
407135
117129
1980491
129004
70146
388910
45219
45223
311176
434489
434490
434488
208899
49891
2169994
45221
300563
88776
230237
1714621
376267
209152
84589
2847999
796210
380282
230236
1001061
489465
157898
78540
382825
374990
470592
376610
65743
292348
10500
2169992
103931
46919
489469
356386
421879
172148
489454
129003
696863
268960
337080
652669
652953
268305
654931
316979
10280
11279
407138
33734
121791
489471
489488
10355
408690
489501
489500
356411
376265
10389
356412
144752
1217067
302271
85617
470593
185793
489538
388819
43358
33740
246343
11298
132504
652839
509627
436507
233265
376266
336960
59303
1239577
364370
489462
648237
76875
1968826
388888
489461
231432
233261
356414
523795
231417
231474
489487
10298
290579
388813
394239
388905
388904
408694
645118
291603
300559
489546
333284
176284
10761
122961
652104
231473
176283
509615
475778
300561
407137
88870
2654645
2283013
10244
260586
686948
578837
11295
385590
453115
453116
455880
382855
69156
10957
686945
648234
10947
578827
578831
10950
578830
10753
573977
638313
1511883
666363
742918
1559361
1076759
1223562
1213620
59241
82823
59380
82818
82820
82819
82824
82825
578840
10961
654901
865617
79691
268344
1933298
38766
38767
39013
66797
72003
490134
10868
928303
100834
76583
62478
109049
231423
578834
12251
269446
11778
10714
10664
11808
1891729
2772504
648242
10799
11780
11760
79685
11805
11936
355329
11795
393563
385580
385638
383555
387211
385582
11462
383604
382828
186460
311175
385636
11537
427826
107417
11541
203224
382838
385637
10648
12322
10863
11752
11777
12285
11800
10934
387212
11369
10786
11580
11278
12298
11121
11384
31523
11217
10586
11988
11448
268789
648243
648238
10795
11566
203231
11564
203229
11557
11556
385586
385617
11550
475467
11397
10900
384502
12060
10931
402520
402525
402527
11172
2169986
385618
11578
11538
230286
11547
360394
39015
12538
176674
196430
196426
222142
196434
279803
279794
365089
268780
489537
489541
10421
10423
10424
10425
10427
10428
31763
10426
261996
261992
261991
261994
261995
261993
31764
31578
36436
10376
645098
12307
222449
10370
10736
423447
423446
423448
179241
1891730
587200
12371
10680
230285
12045
11527
11185
10915
384484
382848
380285
10954
10944
10955
10960
11171
10436
2758382
10350
10565
11753
12048
10885
11574
382839
11521
11534
11530
11545
11680
11189
11177
11180
11182
11190
11181
11339
11357
387207
11359
11360
11361
11362
11363
383571
380213
10296
11126
11124
11754
10414
10791
12273
385603
385593
384499
10378
665033
10952
11186
11881
11882
11062
10823
10822
10824
11879
387222
928301
380301
11671
10524
98827
10253
11010
387214
387217
387219
11408
387229
11414
11418
380339
387234
203225
203233
203232
10585
10925
10926
10324
10333
11125
12168
10327
11140
11150
12274
148360
191547
33707
10797
10328
384495
393557
416674
10820
10653
10748
385587
11338
385592
385605
380343
387250
383603
331976
11250
10953
11923
1077587
333753
11666
11667
11668
11669
10387
11258
10917
11794
11249
10344
10411
10349
11148
11264
10588
10787
11887
10382
10928
10919
2560766
10330
10584
11902
11904
11905
11906
10272
11237
217837
217835
217836
217834
475494
380340
217831
380337
217828
217829
385646
383553
352564
11433
384518
384487
385644
387191
352520
11188
10251
11214
11252
11253
11254
11255
11256
11257
10590
66366
10343
10793
10808
33736
73473
11106
387156
380981
11240
31520
31745
31688
353765
31515
31639
31531
31637
10369
31571
31569
31746
11307
31662
31599
11662
31667
11790
11932
31692
11899
36376
11008
31702
31691
31624
33737
31671
11187
11184
11179
11183
1835656
36408
223353
36407
36391
36440
10929
1835658
1835657
35339
36351
36401
36418
10614
333759
10605
333752
333764
12259
39009
36409
352551
45412
45411
45414
28284
10530
344022
33703
31547
31548
37955
37111
37112
37957
73490
57278
82831
73487
270623
11536
11568
82822
11236
70147
70148
70149
11297
12236
317654
521527
310273
293055
127958
103930
578829
39010
10527
12240
138312
349692
31749
11612
39012
33738
10608
10609
103917
103918
142803
10573
10576
31706
31521
10939
39016
385585
35243
36372
10388
10604
223359
557232
79694
387204
387205
387235
387213
387243
387226
387231
387244
38976
387259
10617
28312
394786
45408
45413
652837
37136
380216
380217
38983
638299
385597
445792
445791
654902
378830
363066
384493
578843
1560034
928304
647332
387262
2749935
686943
249583
10553
652670
82821
117139
69150
33732
230235
228578
103910
445793
385602
380347
384501
380346
384483
416677
291802
416675
291806
291796
291801
408929
291805
291795
291799
291800
291803
291804
127957
268776
221538
1005060
37206
103920
284184
284177
284214
284172
284169
928305
444186
273525
141270
670426
281921
282063
237716
211977
236750
492095
1921008
384510
40537
360395
254252
444318
385601
379756
203172
654913
132484
489545
101359
453457
578842
204270
37116
265871
268781
1671798
333770
10959
31570
31567
429314
429315
651355
138662
654915
10506
142804
10752
645099
79699
291607
282064
29272
652673
383535
385626
652962
11296
283677
489499
489539
489540
189830
578841
578828
446562
265872
173976
882209
652668
203173
652965
12584
648250
11009
648330
142661
492094
146032
268343
268331
686981
10935
69151
345184
36442
36441
101357
138310
31530
148357
231422
928297
126070
268409
267287
267288
291605
103782
652939
36443
93838
138311
332244
67605
489497
489464
103603
446561
10956
578832
650481
380349
383547
132678
85618
138314
10449
223295
138309
321609
77856
1560514
2060946
2081904
2304198
2730621
2730619
2776772
654911
466051
443878
348136
673322
132487
272473
634168
2681599
645664
762660
998086
941058
1206558
1261657
1087482
262177
79700
36338
47488
36434
10290
67603
117124
10685
28365
114429
10510
176652
50713
28369
40631
86060
39788
70333
83127
83128
37120
654905
28322
10725
11788
11894
11884
354090
11885
11870
11812
11880
11775
11866
11868
11816
11807
12450
10583
10600
31553
10314
10519
11821
355328
385576
10644
10645
10818
12246
138307
12248
12324
12303
12445
12017
10867
2011081
356629
10872
10843
10948
619591
45659
10789
307468
11282
10640
10809
12310
10713
11215
10723
11915
10579
10577
10305
10302
10309
10310
10532
28280
29252
333923
10757
10301
10312
11291
10844
12209
10676
10691
11444
11340
10303
10562
12183
11243
12189
12044
10650
10666
11916
470594
355314
10422
10248
222448
10261
2691025
148943
2911432
2045370
11869
10738
11874
46020
11123
882210
12147
12146
10951
12221
10380
11728
11729
11871
11218
11219
11220
11221
11222
11223
11242
11529
11532
11542
11543
11548
11210
28292
12286
914672
11430
384504
11450
11451
11452
10334
384479
12093
11522
11523
11193
11063
10259
222073
12180
28877
12143
12366
12190
10869
766178
10651
385589
10755
11211
10712
10742
384500
12181
10269
10750
11495
384485
384482
10949
11225
11227
33717
142805
11030
12047
12185
425557
10766
10905
383602
11139
10392
33718
11528
107411
11540
10252
10511
11626
11625
10749
10591
10592
11173
31730
12207
2560525
12309
12151
12153
12198
244589
148358
10727
12218
1289570
11921
10593
10816
2779844
12179
10594
12226
12184
12217
12220
12170
10490
31757
12055
11863
10288
11793
42478
11815
10277
12315
385596
10246
10596
10316
12225
186772
12388
11152
11239
11486
384492
383552
383551
383549
383548
383546
383541
11482
383539
383538
383537
383536
383534
383532
383531
383530
382844
382846
382851
11375
10916
10247
11960
10598
10595
10599
10904
10907
11143
10587
223310
11213
12173
10918
10589
11288
10602
11950
12314
31609
31608
31610
12187
31723
31724
654924
31525
28321
31589
31519
31513
10325
31626
31627
31628
31583
31574
46021
10568
31663
11167
10849
31587
31682
10547
31577
31581
31579
31580
31613
31611
12203
33729
33725
33769
33722
33705
36386
36387
36389
343463
343462
12152
46019
36392
36399
36421
37108
36412
333762
333763
10615
10616
10618
10620
10621
10606
10607
10611
333765
31545
31544
37106
37107
12165
37139
38998
38999
39006
39007
208973
28290
46014
82815
47935
37954
37956
39457
31554
73495
73474
73478
73477
73476
45240
73472
10307
229033
262398
10788
31537
10746
36345
265876
38988
38990
38991
38992
38993
38994
383554
97081
10773
69152
36364
10534
10522
332942
11524
11432
38985
383595
383597
382812
383592
383572
383567
387203
12237
73475
12250
12249
160750
231472
231424
236988
231425
10256
103921
144736
224783
247483
247485
504346
353282
652599
12318
12301
31766
31557
31640
36388
31556
36435
36373
10353
36348
31770
33716
39011
10942
36371
45409
652675
36411
223303
36400
36346
198599
1289473
39003
28354
38973
383589
383575
383568
383569
73488
28311
38995
38996
38997
383582
383570
45418
45407
31600
31604
305676
305674
383593
83129
397342
1980426
382359
59284
345201
686950
10986
363716
28288
10705
10778
40521
10848
43685
10674
315953
335103
654919
249584
10682
35267
231471
33723
82828
82827
82826
652597
39443
117114
649893
334210
651358
311339
69169
73483
69162
69163
69164
69166
69165
69167
69168
652963
65015
264653
654903
45417
928314
647330
74660
44088
1283340
686987
686947
260717
10563
10561
654909
98832
194699
138946
11168
441619
175814
230407
340907
238854
194966
37958
37959
40538
40539
37114
40540
37119
224399
37115
51033
12312
117113
11987
35265
114430
650489
37122
11274
265874
205879
142806
205875
215158
10897
49267
148359
766192
31612
38062
654904
652964
231426
185783
191492
169683
300880
928295
37138
654908
651357
46242
161494
70600
282370
376849
59509
231428
231427
32604
38171
351071
132475
202496
686946
650488
114102
649604
129724
486492
31506
37121
2679898
51677
231431
231430
231429
66295
65424
2682836
10719
231433
46922
92129
650482
652108
83191
74320
1678082
1175657
1772250
1805492
1982658
1933063
2502409
2593639
2869562
766184
260797
455364
455367
455365
687342
442493
379501
490103
1283337
487152
652838
543939
1462608
665032
1559362
66711
582345
1987993
1141519
1208236
59730
649603
82811
82816
766191
56947
31532
66284
69605
69607
31533
69610
69611
69612
69608
36340
10692
69609
45406
69613
55884
68347
68348
117118
117111
117117
126796
10456
45237
2789016
766182
117126
11811
11913
12247
12244
12016
12024
10866
12023
10845
47680
11986
12299
12297
11877
11878
12323
10465
10462
11859
11949
12018
10737
11810
10359
10450
12027
329853
10735
486275
652111
11048
35344
2169869
10906
11814
10717
11776
12186
10689
110829
103898
10855
11319
10987
11582
78219
11301
10243
10391
10646
11238
10455
10684
12142
12294
12149
1980521
10704
10715
10661
10854
12177
11575
351669
10643
10991
12144
10300
11862
2169984
10647
12041
12150
2003327
10480
10707
11175
10893
12306
11554
11165
11174
10453
10489
654922
10513
10642
169684
12164
10297
11875
11873
10250
10322
12375
12311
12325
10321
12271
10281
36416
36415
12387
10499
12330
12056
10910
33720
2560645
11594
12194
11289
12039
11166
11170
11163
11169
31748
31747
686262
31565
31625
31630
31629
10464
1962501
31595
11660
31726
31605
31607
31606
31733
31734
31735
10728
33733
33719
117204
12019
36393
10514
36350
12851
12675
36378
72539
31592
28276
10529
12182
11973
36355
35254
70155
70156
70159
70157
70158
37118
36360
45440
35270
75320
37362
37363
57279
82829
31527
82832
82812
82810
82817
36451
308444
12026
82813
82814
11162
11164
12308
31566
31568
31507
269647
224782
228731
247484
299385
478099
552529
552527
552528
1307956
31717
31718
31719
31725
12171
31712
31522
31558
31710
31622
31709
58103
12348
12392
10533
12292
203174
36422
36424
328615
39014
37132
39005
113370
649596
1283341
38012
654912
648170
186769
40522
40523
327392
1283338
86065
268746
33714
86062
48295
86059
86061
654934
283676
103899
103901
117110
117120
117119
117123
117112
117125
117109
117122
648168
37130
480611
254711
648171
1283336
1283335
10708
244590
12282
222557
255587
185959
217166
12701
117121
117127
117116
138313
652110
35281
138306
205877
314539
37368
205870
204086
578838
117115
291608
173443
197112
260965
654932
648172
766189
766190
186153
486279
291606
157899
687345
170617
35297
648169
301352
766185
160691
38950
52412
143921
155148
486280
99486
766187
766186
687343
145579
652109
115813
1239567
1985704
51680
10874
138303
138304
138305
138308
35740
487067
486277
10397
2170141
2169964
1010614
1010615
85154
12296
10362
462299
12881
10484
10693
10268
12256
12257
10481
10990
10601
10569
12276
12277
12278
10989
12451
12444
31503
12201
31562
33766
10983
53000
92652
310537
12360
31535
654910
221915
42176
42175
647331
154834
28265
766188
687366
687364
766183
1041526
1041527
